# config/waypoints.yaml

waypoints:
  - latitude: 38.161479
    longitude: -122.454630
    altitude: 488.0
  - latitude: 38.161500
    longitude: -122.454700
    altitude: 488.0
  # Add more waypoints as needed
