image_width: 640
image_height: 480
camera_name: narrow_stereo
camera_matrix:
  rows: 3
  cols: 3
  data: [903.5954, 0., 338.62864, 0., 899.54784, 248.82051, 0., 0., 1.]
distortion_model: plumb_bob
distortion_coefficients:
  rows: 1
  cols: 5
  data: [-0.121852, 1.003310, 0.005448, -0.003793, 0.000000]
rectification_matrix:
  rows: 3
  cols: 3
  data: [1., 0., 0., 0., 1., 0., 0., 0., 1.]
projection_matrix:
  rows: 3
  cols: 4
  data:
    [916.04724, 0., 335.72631, 0., 0., 914.91559, 249.5583, 0., 0., 0., 1., 0.]